Mach Virtual Memory Statistics: (page size of 4096 bytes)
    free   active   specul inactive throttle    wired  prgable   faults     copy    0fill reactive   purged file-backed anonymous cmprssed cmprssor  dcomprs   comprs  pageins  pageout  swapins swapouts
   35312   383673     1211   375985        0   611107    39753  618803K 29119105  245782K 49703548 14597871      275812    485057  2679531   689588 78422464  132562K 31424274   215362 41995656 46826280 
   22426   371927     1210   370529        0   641284    30110     6350      169    14865        0        0      275812    467854  2679523   689588        8        0        0        0        0        0 
   11419   371953      124   380284        0   642684    27576    18995      134    11773     1507     6120      274901    477460  2682348   690428      157     2963        0      284        0        0 
    8958   385460      411   380378        0   631373    48572     4620      133     2875        0        0      275092    491157  2682311   690412       37        0      176        0        0        0 
    4022   385491      410   384799        0   632047    49659     8132      136     4603        0        2      275094    495606  2681148   690192     1176       13        4        1        0        0 
   14173   376482      411   377577        0   637928    40181    11425      133     9932       97        2      275094    479376  2682526   690344        1     1379        0        1        0        0 
   11326   388813      411   381566        0   624510    53092     4722      134     2899        0        0      275099    495691  2682239   690247      287        0        0        0        0        0 
   10013   386175      415   385240        0   625122    52877     5131      133     3088        0        0      275106    496724  2681926   690119      307        0        0        0        0        0 
    6965   387859      573   386724        0   624659    52899     6655      133     4775        0        0      275290    499866  2681860   690102       66        0      175        0        0        0 
   10697   389338      572   388464        0   617635    56989     6952      133     4882        0        0      275292    503082  2681599   690022      256        0        0        0        0        0 
   13134   379184      589   384947        0   629248    39681     6528      133     3431        0        0      275308    489412  2679714   689927     1370        0       16        0      256        0 
   49626   357036      589   356439        0   643327    20420    22081      133    10529        0        0      275308    438756  2679679   689927       35        0        0        0        0        0 
   29176   355198      573   354640        0   667461    22233    14978      136    21152       21        0      275167    435244  2679603   689879       76        0        5        0        0        0 
